0 0.21640625 0.39609375 0.059375 0.1390625
0 0.29765625 0.47421875 0.10625 0.0828125
0 0.42421875 0.515625 0.0703125 0.084375
0 0.46640625 0.42421875 0.0375 0.0703125
0 0.4453125 0.240625 0.046875 0.0625
0 0.3078125 0.14375 0.0859375 0.0984375
0 0.64296875 0.22734375 0.08125 0.0828125
0 0.94296875 0.5109375 0.078125 0.1125
0 0.44765625 0.7125 0.1 0.0921875
0 0.3515625 0.88125 0.08125 0.090625
0 0.2515625 0.865625 0.0921875 0.1109375
0 0.55 0.26015625 0.0640625 0.1078125
0 0.50703125 0.26171875 0.0578125 0.0703125
0 0.2734375 0.315625 0.1171875 0.09375