0 0.2265625 0.371875 0.0484375 0.1359375
0 0.30078125 0.45703125 0.1 0.075
0 0.4234375 0.509375 0.06328125 0.07890625
0 0.4734375 0.421875 0.03203125 0.06796875
0 0.46796875 0.23671875 0.0421875 0.059375
0 0.33984375 0.128125 0.078125 0.09140625
0 0.66640625 0.240625 0.075 0.0765625
0 0.940625 0.54921875 0.06953125 0.10703125
0 0.4296875 0.70703125 0.09375 0.08359375
0 0.31875 0.8671875 0.0734375 0.084375
0 0.2203125 0.8421875 0.0828125 0.10390625
0 0.5703125 0.265625 0.05546875 0.103125
0 0.528125 0.26328125 0.0515625 0.065625
0 0.290625 0.296875 0.1109375 0.084375