0 0.21796875 0.39140625 0.0578125 0.1390625
0 0.2984375 0.47109375 0.1046875 0.08125
0 0.42421875 0.51484375 0.06875 0.0828125
0 0.46796875 0.42421875 0.0359375 0.0703125
0 0.45 0.23984375 0.046875 0.0625
0 0.3140625 0.13984375 0.084375 0.096875
0 0.64765625 0.2296875 0.0796875 0.08125
0 0.94296875 0.51875 0.0765625 0.1109375
0 0.44453125 0.71171875 0.1 0.090625
0 0.34453125 0.87890625 0.0796875 0.0890625
0 0.24453125 0.8609375 0.090625 0.109375
0 0.55390625 0.2609375 0.0625 0.10625
0 0.51171875 0.26171875 0.05625 0.06875
0 0.27734375 0.31171875 0.1171875 0.0921875