0 0.184375 0.6609375 0.1734375 0.07421875
0 0.4015625 0.5515625 0.1390625 0.05703125
0 0.8796875 0.5421875 0.09609375 0.05546875
0 0.559375 0.415625 0.065625 0.07265625
0 0.87265625 0.3859375 0.1015625 0.05078125
0 0.96953125 0.3921875 0.05859375 0.02421875
0 0.971875 0.428125 0.046875 0.04140625
0 0.81953125 0.2828125 0.1 0.03125
0 0.565625 0.2453125 0.11796875 0.03828125
0 0.30546875 0.27734375 0.15859375 0.0296875
0 0.528125 0.33828125 0.12109375 0.028125
0 0.090625 0.340625 0.10546875 0.05703125