0 0.51796875 0.30390625 0.075 0.0328125
0 0.66328125 0.265625 0.0484375 0.02109375
0 0.803125 0.39765625 0.08359375 0.0359375
0 0.64140625 0.3671875 0.0859375 0.01640625
0 0.1921875 0.39609375 0.10703125 0.0328125
0 0.2609375 0.4109375 0.075 0.03125
0 0.13984375 0.4921875 0.059375 0.05234375
0 0.503125 0.5046875 0.0515625 0.0359375
0 0.603125 0.50234375 0.10859375 0.03125
0 0.540625 0.546875 0.0609375 0.04140625
0 0.31875 0.3203125 0.10390625 0.0265625
0 0.384375 0.309375 0.065625 0.02734375
0 0.4765625 0.40546875 0.0640625 0.0375
0 0.52421875 0.43515625 0.0734375 0.0265625