0 0.5109375 0.303125 0.0765625 0.0359375
0 0.6546875 0.26015625 0.0484375 0.0234375
0 0.79921875 0.3875 0.084375 0.0390625
0 0.63671875 0.3625 0.0859375 0.01875
0 0.1890625 0.40703125 0.1078125 0.0359375
0 0.2578125 0.41953125 0.0765625 0.034375
0 0.13984375 0.5046875 0.0609375 0.0546875
0 0.503125 0.5046875 0.053125 0.0375
0 0.603125 0.4984375 0.109375 0.034375
0 0.5421875 0.5453125 0.0625 0.04375
0 0.3125 0.3265625 0.1046875 0.0296875
0 0.378125 0.31328125 0.0671875 0.0296875
0 0.4734375 0.40625 0.065625 0.0390625
0 0.521875 0.434375 0.075 0.0296875