0 0.48359375 0.30390625 0.0796875 0.0453125
0 0.6203125 0.240625 0.0515625 0.0296875
0 0.78046875 0.346875 0.0890625 0.05
0 0.61640625 0.34453125 0.0875 0.03125
0 0.17890625 0.45078125 0.1109375 0.0515625
0 0.24921875 0.45390625 0.0796875 0.04375
0 0.14375 0.5546875 0.0671875 0.0625
0 0.50390625 0.50390625 0.05625 0.04375
0 0.60234375 0.484375 0.1125 0.05
0 0.5484375 0.5390625 0.0671875 0.0515625
0 0.290625 0.3546875 0.10625 0.04375
0 0.353125 0.33203125 0.06875 0.0390625
0 0.46015625 0.4109375 0.0703125 0.0484375
0 0.5125 0.43203125 0.0765625 0.0390625