0 0.10234375 0.37890625 0.178125 0.0828125
0 0.109375 0.33046875 0.1484375 0.078125
0 0.159375 0.28515625 0.18125 0.09375
0 0.40390625 0.3578125 0.0796875 0.0578125
0 0.5125 0.3734375 0.0703125 0.05
0 0.68125 0.39140625 0.090625 0.0671875
0 0.74140625 0.3734375 0.0671875 0.0421875
0 0.840625 0.37734375 0.06875 0.046875
0 0.5546875 0.4390625 0.078125 0.040625
0 0.64375 0.5078125 0.15625 0.059375
0 0.253125 0.4953125 0.103125 0.0984375
0 0.259375 0.440625 0.0765625 0.0484375
0 0.2921875 0.39375 0.13125 0.0546875