0 0.09375 0.4140625 0.1765625 0.06875
0 0.09609375 0.365625 0.1453125 0.065625
0 0.14140625 0.315625 0.1796875 0.0796875
0 0.3921875 0.3671875 0.0765625 0.053125
0 0.5015625 0.37265625 0.06875 0.0453125
0 0.67109375 0.3765625 0.0875 0.0609375
0 0.72890625 0.35234375 0.065625 0.0375
0 0.82890625 0.3484375 0.065625 0.0421875
0 0.54921875 0.434375 0.0765625 0.0359375
0 0.64375 0.4953125 0.15625 0.0453125
0 0.25390625 0.5171875 0.096875 0.090625
0 0.25546875 0.46171875 0.075 0.04375
0 0.28359375 0.41171875 0.13125 0.04375