0 0.0859375 0.4640625 0.171875 0.04765625
0 0.0828125 0.415625 0.140625 0.04921875
0 0.121875 0.3609375 0.1734375 0.05859375
0 0.3765625 0.38125 0.071875 0.04453125
0 0.4859375 0.3734375 0.0640625 0.03828125
0 0.6546875 0.35625 0.08203125 0.05078125
0 0.709375 0.32578125 0.0625 0.0296875
0 0.8078125 0.309375 0.0625 0.034375
0 0.540625 0.42890625 0.0734375 0.0265625
0 0.6421875 0.478125 0.15390625 0.02734375
0 0.2578125 0.546875 0.0875 0.08125
0 0.25234375 0.4921875 0.07109375 0.03515625
0 0.27421875 0.4390625 0.12890625 0.028125