0 0.23828125 0.38984375 0.09609375 0.06875
0 0.415625 0.353125 0.0640625 0.03359375
0 0.60859375 0.3234375 0.078125 0.0359375
0 0.6984375 0.425 0.1390625 0.04140625
0 0.82734375 0.465625 0.1265625 0.03671875
0 0.94921875 0.5453125 0.0984375 0.05234375
0 0.55234375 0.271875 0.10390625 0.03515625
0 0.278125 0.1578125 0.103125 0.08046875
0 0.39765625 0.15625 0.090625 0.05234375
0 0.59609375 0.1625 0.1640625 0.075
0 0.35703125 0.228125 0.1 0.05078125
0 0.090625 0.2234375 0.16796875 0.04609375
0 0.2140625 0.225 0.06953125 0.03984375
0 0.80234375 0.4234375 0.059375 0.03515625