0 0.2296875 0.41328125 0.1015625 0.0765625
0 0.403125 0.3609375 0.0671875 0.0390625
0 0.59296875 0.31484375 0.08125 0.0421875
0 0.69140625 0.4078125 0.1421875 0.053125
0 0.8234375 0.4375 0.1296875 0.046875
0 0.95 0.50546875 0.1 0.0609375
0 0.53203125 0.26796875 0.10625 0.04375
0 0.24921875 0.178125 0.109375 0.0890625
0 0.36796875 0.16640625 0.0953125 0.059375
0 0.56640625 0.15546875 0.1703125 0.0890625
0 0.33359375 0.24140625 0.1046875 0.059375
0 0.0765625 0.26015625 0.153125 0.0609375
0 0.19140625 0.25078125 0.0734375 0.0453125
0 0.79453125 0.39765625 0.0625 0.040625