0 0.22578125 0.42734375 0.1046875 0.08125
0 0.39609375 0.36640625 0.06875 0.0421875
0 0.5828125 0.31015625 0.0828125 0.046875
0 0.6859375 0.3984375 0.14375 0.0609375
0 0.81953125 0.4203125 0.1296875 0.0546875
0 0.94921875 0.48125 0.1015625 0.065625
0 0.5203125 0.2671875 0.1078125 0.05
0 0.2328125 0.1921875 0.1140625 0.09375
0 0.35078125 0.17421875 0.096875 0.0640625
0 0.5484375 0.15234375 0.1734375 0.096875
0 0.3203125 0.25078125 0.10625 0.0640625
0 0.07109375 0.2828125 0.1421875 0.06875
0 0.17890625 0.2671875 0.075 0.0484375
0 0.7890625 0.38203125 0.0640625 0.04375