0 0.6921875 0.78984375 0.0671875 0.1015625
0 0.7015625 0.68125 0.103125 0.1171875
0 0.5796875 0.7046875 0.165625 0.0875
0 0.36640625 0.671875 0.1125 0.134375
0 0.296875 0.59609375 0.09375 0.1328125
0 0.7828125 0.4359375 0.075 0.0859375
0 0.6828125 0.45390625 0.103125 0.0671875
0 0.61328125 0.32890625 0.090625 0.0640625
0 0.5609375 0.42265625 0.109375 0.071875
0 0.19296875 0.43828125 0.0796875 0.0890625
0 0.18125 0.30390625 0.0875 0.096875
0 0.1921875 0.19921875 0.0828125 0.078125
0 0.1859375 0.15 0.103125 0.075
0 0.1796875 0.1265625 0.103125 0.0609375