0 0.30234375 0.365625 0.090625 0.0421875
0 0.51484375 0.27265625 0.0390625 0.05
0 0.709375 0.25625 0.034375 0.034375
0 0.75625 0.29375 0.1 0.04375
0 0.6734375 0.3421875 0.1 0.0390625
0 0.46875 0.32421875 0.05625 0.0375
0 0.45625 0.3515625 0.053125 0.0296875
0 0.46171875 0.3796875 0.0515625 0.028125
0 0.325 0.4296875 0.08125 0.034375
0 0.15703125 0.5328125 0.04375 0.03125
0 0.240625 0.5171875 0.0625 0.0359375
0 0.6828125 0.51796875 0.0578125 0.03125
0 0.78671875 0.48984375 0.0546875 0.034375
0 0.8125 0.290625 0.0390625 0.0234375