0 0.3046875 0.3625 0.090625 0.040625
0 0.51875 0.27265625 0.03828125 0.04921875
0 0.71328125 0.26015625 0.034375 0.03359375
0 0.76015625 0.2984375 0.1 0.0421875
0 0.67578125 0.3453125 0.1 0.03671875
0 0.471875 0.3234375 0.05546875 0.03671875
0 0.45859375 0.35078125 0.053125 0.02890625
0 0.4640625 0.37890625 0.05078125 0.0265625
0 0.3265625 0.4265625 0.08046875 0.03359375
0 0.15625 0.5265625 0.04375 0.03125
0 0.240625 0.5125 0.06171875 0.034375
0 0.6828125 0.52109375 0.0578125 0.03046875
0 0.78671875 0.49453125 0.05390625 0.0328125
0 0.81640625 0.29609375 0.03828125 0.0234375