0 0.49921875 0.48671875 0.0734375 0.08203125
0 0.38828125 0.4515625 0.075 0.06484375
0 0.46328125 0.27734375 0.034375 0.03828125
0 0.18359375 0.2609375 0.0484375 0.0515625
0 0.384375 0.19921875 0.0734375 0.03515625
0 0.50859375 0.16484375 0.0484375 0.0375
0 0.5390625 0.23203125 0.0359375 0.04453125
0 0.5796875 0.33828125 0.0765625 0.0453125
0 0.59453125 0.3578125 0.09921875 0.07421875
0 0.63203125 0.36796875 0.0484375 0.05625
0 0.76484375 0.29765625 0.0578125 0.06796875
0 0.70859375 0.4421875 0.05234375 0.1