0 0.3171875 0.34609375 0.09375 0.0484375
0 0.53828125 0.275 0.0421875 0.053125
0 0.73359375 0.2796875 0.0375 0.0359375
0 0.7765625 0.321875 0.103125 0.05
0 0.68828125 0.3609375 0.103125 0.0453125
0 0.4875 0.321875 0.0578125 0.0421875
0 0.471875 0.34765625 0.0546875 0.0328125
0 0.475 0.3765625 0.053125 0.03125
0 0.33359375 0.41171875 0.0828125 0.040625
0 0.15546875 0.496875 0.046875 0.034375
0 0.240625 0.48984375 0.0640625 0.0390625
0 0.68046875 0.53671875 0.0609375 0.0359375
0 0.7859375 0.51953125 0.05625 0.0375
0 0.8328125 0.32421875 0.040625 0.0265625