0 0.6109375 0.8296875 0.0453125 0.09296875
0 0.64765625 0.72734375 0.0796875 0.1
0 0.52421875 0.71875 0.159375 0.04765625
0 0.3265625 0.63125 0.0859375 0.115625
0 0.27890625 0.540625 0.065625 0.1203125
0 0.78984375 0.5109375 0.0578125 0.0734375
0 0.68828125 0.50234375 0.09453125 0.04453125
0 0.65390625 0.3640625 0.08203125 0.04453125
0 0.57890625 0.44140625 0.1 0.046875
0 0.21953125 0.3609375 0.06171875 0.07578125
0 0.24296875 0.228125 0.06875 0.08203125
0 0.28046875 0.1296875 0.06953125 0.0625
0 0.2875 0.08046875 0.0921875 0.05234375
0 0.2875 0.05625 0.096875 0.03671875