0 0.67734375 0.79921875 0.0640625 0.1
0 0.69140625 0.69140625 0.0984375 0.1140625
0 0.56953125 0.70859375 0.165625 0.0796875
0 0.3578125 0.6640625 0.1078125 0.13125
0 0.2921875 0.5859375 0.0890625 0.13125
0 0.7859375 0.45078125 0.071875 0.084375
0 0.684375 0.46328125 0.1015625 0.0625
0 0.62265625 0.33515625 0.0890625 0.0609375
0 0.56484375 0.4265625 0.1078125 0.0671875
0 0.196875 0.42265625 0.0765625 0.0875
0 0.1921875 0.2875 0.084375 0.0953125
0 0.20859375 0.18359375 0.08125 0.075
0 0.2046875 0.13359375 0.1015625 0.0703125
0 0.2 0.11015625 0.103125 0.05625