0 0.52890625 0.63984375 0.13125 0.1109375
0 0.6140625 0.390625 0.053125 0.0703125
0 0.4453125 0.43046875 0.0640625 0.071875
0 0.540625 0.3546875 0.06875 0.071875
0 0.44765625 0.33671875 0.084375 0.0890625
0 0.425 0.39375 0.1 0.0671875
0 0.16171875 0.56484375 0.1015625 0.18125
0 0.234375 0.51796875 0.1234375 0.2
0 0.43671875 0.21875 0.128125 0.075
0 0.5203125 0.18359375 0.0703125 0.071875
0 0.6359375 0.2265625 0.0640625 0.0625
0 0.53984375 0.153125 0.040625 0.0375
0 0.3765625 0.75 0.090625 0.084375
0 0.84921875 0.32578125 0.065625 0.0671875