0 0.18828125 0.19453125 0.12734375 0.03828125
0 0.3671875 0.28828125 0.0578125 0.05390625
0 0.13359375 0.29453125 0.1125 0.05
0 0.3921875 0.2484375 0.071875 0.04140625
0 0.4484375 0.21796875 0.05625 0.0625
0 0.57109375 0.171875 0.08671875 0.0765625
0 0.678125 0.33359375 0.125 0.078125
0 0.85390625 0.30859375 0.1109375 0.084375
0 0.92890625 0.33046875 0.05546875 0.040625
0 0.8421875 0.23671875 0.06640625 0.0484375
0 0.4484375 0.57890625 0.08046875 0.04375
0 0.6234375 0.59453125 0.0703125 0.05078125