0 0.3671875 0.20234375 0.1 0.065625
0 0.478125 0.19609375 0.0609375 0.071875
0 0.54609375 0.2234375 0.03125 0.06875
0 0.440625 0.325 0.0734375 0.078125
0 0.284375 0.28203125 0.0859375 0.078125
0 0.1609375 0.23359375 0.065625 0.053125
0 0.10859375 0.3828125 0.090625 0.0734375
0 0.2046875 0.51953125 0.0703125 0.1640625
0 0.25859375 0.5265625 0.0703125 0.1125
0 0.4734375 0.42109375 0.059375 0.0859375
0 0.70625 0.4203125 0.1125 0.06875
0 0.7953125 0.5265625 0.078125 0.103125
0 0.70859375 0.65625 0.10625 0.1875
0 0.59921875 0.65234375 0.1109375 0.0875