0 0.20859375 0.74453125 0.08515625 0.065625
0 0.4328125 0.69765625 0.11796875 0.11171875
0 0.3890625 0.49453125 0.11171875 0.10234375
0 0.46484375 0.509375 0.06953125 0.090625
0 0.46328125 0.41796875 0.125 0.071875
0 0.3484375 0.34921875 0.07421875 0.06171875
0 0.60625 0.46796875 0.08828125 0.0921875
0 0.68515625 0.20546875 0.05390625 0.0703125
0 0.7140625 0.1140625 0.05625 0.04375
0 0.74375 0.084375 0.04921875 0.0421875
0 0.75625 0.0578125 0.0421875 0.03984375
0 0.8578125 0.4203125 0.090625 0.134375
0 0.73203125 0.6921875 0.11796875 0.09296875
0 0.8578125 0.6859375 0.14140625 0.10859375