0 0.58125 0.6171875 0.128125 0.10625
0 0.5625 0.3546875 0.05 0.06875
0 0.42265625 0.45703125 0.0625 0.06875
0 0.48046875 0.35 0.065625 0.06875
0 0.38828125 0.36953125 0.08125 0.0859375
0 0.38984375 0.43125 0.0984375 0.0625
0 0.2140625 0.69140625 0.0921875 0.1796875
0 0.2625 0.6203125 0.1140625 0.1984375
0 0.33203125 0.265625 0.1265625 0.0703125
0 0.3953125 0.2015625 0.06875 0.06875
0 0.51875 0.1953125 0.0625 0.059375
0 0.4015625 0.16484375 0.0390625 0.0359375
0 0.484375 0.778125 0.0875 0.0796875
0 0.753125 0.203125 0.0625 0.0640625