0 0.39921875 0.18984375 0.09453125 0.05625
0 0.51015625 0.1953125 0.05390625 0.06640625
0 0.575 0.2296875 0.02421875 0.06640625
0 0.459375 0.31953125 0.065625 0.07109375
0 0.30859375 0.2609375 0.0796875 0.06953125
0 0.190625 0.19921875 0.0609375 0.046875
0 0.12265625 0.3421875 0.084375 0.065625
0 0.20390625 0.48828125 0.0546875 0.159375
0 0.25703125 0.50078125 0.059375 0.10625
0 0.48203125 0.41875 0.0515625 0.08125
0 0.71328125 0.4421875 0.10625 0.05859375
0 0.790625 0.55703125 0.06875 0.09609375
0 0.69140625 0.67734375 0.08828125 0.1796875
0 0.5828125 0.66171875 0.10390625 0.0765625