0 0.559375 0.6296875 0.1140625 0.0875
0 0.58671875 0.36796875 0.03984375 0.0625
0 0.43125 0.44453125 0.05234375 0.0609375
0 0.50703125 0.34921875 0.05625 0.06015625
0 0.4125 0.35234375 0.06875 0.07578125
0 0.403125 0.41328125 0.0921875 0.046875
0 0.18515625 0.6390625 0.0640625 0.171875
0 0.2453125 0.57734375 0.0828125 0.18671875
0 0.375 0.23984375 0.11953125 0.05
0 0.4484375 0.1875 0.05859375 0.06015625
0 0.57109375 0.203125 0.0546875 0.05078125
0 0.4609375 0.153125 0.034375 0.03046875
0 0.4359375 0.77109375 0.07734375 0.06796875
0 0.80078125 0.2515625 0.05390625 0.05625