0 0.18125 0.70703125 0.0921875 0.075
0 0.409375 0.68828125 0.13125 0.125
0 0.390625 0.48125 0.1234375 0.115625
0 0.4640625 0.5046875 0.0796875 0.0984375
0 0.4734375 0.4140625 0.1328125 0.0859375
0 0.36796875 0.33203125 0.08125 0.0703125
0 0.609375 0.48125 0.0984375 0.1015625
0 0.71953125 0.23046875 0.0625 0.0765625
0 0.759375 0.14296875 0.0609375 0.05
0 0.79296875 0.1171875 0.0546875 0.0484375
0 0.80859375 0.0921875 0.046875 0.0453125
0 0.86484375 0.46484375 0.10625 0.14375
0 0.70703125 0.71875 0.128125 0.10625
0 0.8328125 0.728125 0.153125 0.125