0 0.465625 0.17578125 0.1046875 0.075
0 0.5734375 0.20390625 0.0671875 0.0765625
0 0.6296875 0.2515625 0.0375 0.0703125
0 0.49765625 0.31484375 0.0796875 0.0828125
0 0.3625 0.2265625 0.0921875 0.084375
0 0.26015625 0.14140625 0.06875 0.0578125
0 0.1640625 0.2671875 0.096875 0.08125
0 0.2125 0.42734375 0.0859375 0.1671875
0 0.2625 0.45 0.0796875 0.115625
0 0.49921875 0.41640625 0.0671875 0.090625
0 0.7203125 0.4875 0.115625 0.0796875
0 0.77265625 0.61640625 0.0875 0.1078125
0 0.65 0.71328125 0.1234375 0.19375
0 0.54765625 0.67578125 0.1171875 0.096875