0 0.25078125 0.78671875 0.09375 0.078125
0 0.46484375 0.70546875 0.134375 0.128125
0 0.38984375 0.51171875 0.1265625 0.11875
0 0.46640625 0.51484375 0.0828125 0.1
0 0.45078125 0.425 0.134375 0.090625
0 0.3265625 0.375 0.0828125 0.071875
0 0.6 0.4515625 0.1015625 0.1046875
0 0.63671875 0.18046875 0.0640625 0.078125
0 0.65078125 0.08515625 0.0625 0.0515625
0 0.67578125 0.0515625 0.0546875 0.05
0 0.68359375 0.0234375 0.0484375 0.0453125
0 0.840625 0.365625 0.1109375 0.146875
0 0.759375 0.65390625 0.13125 0.1109375
0 0.8828125 0.62734375 0.15625 0.1296875