0 0.44296875 0.3125 0.08359375 0.0484375
0 0.515625 0.453125 0.0734375 0.0328125
0 0.71640625 0.3421875 0.04140625 0.07578125
0 0.715625 0.3078125 0.0140625 0.009375
0 0.665625 0.3671875 0.06484375 0.103125
0 0.4828125 0.49375 0.0828125 0.0609375
0 0.3859375 0.49453125 0.071875 0.040625
0 0.31484375 0.4671875 0.05546875 0.03359375
0 0.49296875 0.61171875 0.1546875 0.0453125
0 0.37734375 0.6734375 0.0890625 0.0515625
0 0.34453125 0.71484375 0.0390625 0.03984375
0 0.23125 0.62578125 0.0828125 0.04140625