0 0.42109375 0.5546875 0.1359375 0.06484375
0 0.8796875 0.53828125 0.1109375 0.05
0 0.96953125 0.41640625 0.0609375 0.0765625
0 0.84453125 0.37265625 0.16328125 0.08046875
0 0.640625 0.37421875 0.090625 0.03828125
0 0.5390625 0.41328125 0.11796875 0.07265625
0 0.53359375 0.33984375 0.1109375 0.03984375
0 0.8234375 0.28828125 0.115625 0.03828125
0 0.58671875 0.24375 0.140625 0.03984375
0 0.33828125 0.2828125 0.22890625 0.0328125
0 0.09375 0.34296875 0.1015625 0.0609375
0 0.16796875 0.659375 0.19453125 0.09296875