0 0.23359375 0.38046875 0.0578125 0.15546875
0 0.29296875 0.296875 0.1046875 0.1109375
0 0.3453125 0.13203125 0.075 0.08046875
0 0.4640625 0.23359375 0.084375 0.08359375
0 0.52890625 0.265625 0.0515625 0.075
0 0.5734375 0.26796875 0.05625 0.1140625
0 0.6796875 0.2484375 0.06953125 0.06875
0 0.3078125 0.459375 0.0859375 0.0953125
0 0.4265625 0.50859375 0.06796875 0.07109375
0 0.475 0.42109375 0.04609375 0.0921875
0 0.43359375 0.71328125 0.10078125 0.1109375
0 0.94453125 0.55625 0.0671875 0.103125
0 0.23203125 0.84375 0.07734375 0.11875
0 0.32421875 0.871875 0.065625 0.0953125