0 0.3953125 0.528125 0.1125 0.04609375
0 0.28671875 0.5171875 0.06328125 0.05390625
0 0.28203125 0.56953125 0.09609375 0.0578125
0 0.153125 0.40078125 0.09140625 0.04765625
0 0.09375 0.3796875 0.09375 0.03515625
0 0.346875 0.3 0.1796875 0.05234375
0 0.56015625 0.28046875 0.11484375 0.03828125
0 0.6265625 0.359375 0.1125 0.02734375
0 0.76953125 0.40078125 0.09375 0.0546875
0 0.76015625 0.4265625 0.07109375 0.0359375
0 0.6515625 0.3921875 0.1140625 0.04765625
0 0.38984375 0.3984375 0.08671875 0.03984375
0 0.403125 0.4375 0.078125 0.03125