0 0.5203125 0.46015625 0.10625 0.0734375
0 0.10390625 0.3484375 0.1421875 0.06875
0 0.17734375 0.2890625 0.0703125 0.05
0 0.26171875 0.3015625 0.0453125 0.021875
0 0.5453125 0.28203125 0.0453125 0.03125
0 0.75390625 0.36484375 0.11875 0.065625
0 0.47421875 0.37578125 0.0796875 0.0296875
0 0.509375 0.38828125 0.0859375 0.0328125
0 0.56015625 0.415625 0.0984375 0.046875
0 0.734375 0.42890625 0.1375 0.05
0 0.87734375 0.2875 0.05625 0.0296875
0 0.9796875 0.30625 0.040625 0.028125
0 0.9796875 0.3578125 0.040625 0.034375