0 0.46953125 0.64453125 0.0515625 0.15546875
0 0.5171875 0.75546875 0.15625 0.1
0 0.64921875 0.71640625 0.0640625 0.11640625
0 0.5296875 0.50390625 0.05 0.08046875
0 0.578125 0.48203125 0.053125 0.06953125
0 0.60234375 0.45 0.0828125 0.08359375
0 0.3203125 0.5375 0.04375 0.11953125
0 0.2921875 0.5125 0.034375 0.0640625
0 0.68203125 0.58046875 0.0421875 0.0890625
0 0.7328125 0.653125 0.046875 0.08359375
0 0.88046875 0.72109375 0.0578125 0.0859375
0 0.93671875 0.92109375 0.0703125 0.103125
0 0.9671875 0.85546875 0.04375 0.10546875