0 0.51796875 0.459375 0.10234375 0.06796875
0 0.096875 0.36953125 0.1390625 0.0609375
0 0.16640625 0.30625 0.06796875 0.04609375
0 0.2515625 0.3140625 0.04375 0.0203125
0 0.53359375 0.2796875 0.04375 0.02890625
0 0.74609375 0.3515625 0.11640625 0.06015625
0 0.46796875 0.37734375 0.078125 0.025
0 0.50390625 0.38828125 0.084375 0.028125
0 0.55546875 0.4125 0.096875 0.04140625
0 0.73046875 0.41640625 0.1359375 0.0421875
0 0.865625 0.26796875 0.05546875 0.0265625
0 0.975 0.28125 0.05 0.025
0 0.9765625 0.33359375 0.046875 0.03125