0 0.4828125 0.5296875 0.115625 0.1078125
0 0.51875 0.24765625 0.096875 0.0734375
0 0.43984375 0.28203125 0.0796875 0.0953125
0 0.5734375 0.315625 0.071875 0.1234375
0 0.71796875 0.38671875 0.1015625 0.1078125
0 0.26015625 0.30546875 0.0796875 0.1015625
0 0.46015625 0.64921875 0.0671875 0.09375
0 0.07890625 0.77265625 0.0953125 0.10625
0 0.41328125 0.41015625 0.0671875 0.084375
0 0.3703125 0.35859375 0.0546875 0.078125
0 0.23671875 0.23046875 0.0546875 0.0625
0 0.55625 0.46171875 0.071875 0.084375