0 0.39296875 0.51484375 0.1171875 0.059375
0 0.2859375 0.49140625 0.06875 0.0609375
0 0.275 0.5421875 0.103125 0.06875
0 0.16796875 0.359375 0.096875 0.0578125
0 0.11171875 0.33125 0.096875 0.046875
0 0.37265625 0.2828125 0.184375 0.0734375
0 0.58671875 0.2890625 0.11875 0.0515625
0 0.64296875 0.37578125 0.115625 0.040625
0 0.7796875 0.434375 0.1 0.065625
0 0.7671875 0.45859375 0.075 0.04375
0 0.66328125 0.41171875 0.11875 0.0609375
0 0.403125 0.3859375 0.090625 0.05
0 0.41171875 0.42578125 0.08125 0.040625