0 0.51640625 0.45859375 0.1046875 0.071875
0 0.0921875 0.38359375 0.140625 0.065625
0 0.16015625 0.31796875 0.0703125 0.0484375
0 0.2453125 0.32265625 0.04375 0.021875
0 0.52578125 0.27890625 0.0453125 0.0296875
0 0.740625 0.34296875 0.11875 0.0640625
0 0.4640625 0.37890625 0.0796875 0.028125
0 0.5 0.38828125 0.0859375 0.03125
0 0.55234375 0.4109375 0.0984375 0.0453125
0 0.72734375 0.40859375 0.1375 0.046875
0 0.85703125 0.25546875 0.05625 0.028125
0 0.9671875 0.26484375 0.0515625 0.0265625
0 0.9703125 0.3171875 0.0484375 0.0328125