0 0.48828125 0.53203125 0.1015625 0.09140625
0 0.475 0.2484375 0.0875 0.05859375
0 0.403125 0.29609375 0.065625 0.0859375
0 0.540625 0.30546875 0.053125 0.11640625
0 0.6953125 0.35078125 0.0859375 0.09453125
0 0.2296875 0.35 0.06484375 0.0921875
0 0.48671875 0.65390625 0.05234375 0.0859375
0 0.1328125 0.84140625 0.0796875 0.09453125
0 0.39921875 0.4265625 0.05546875 0.0765625
0 0.34765625 0.38359375 0.04296875 0.071875
0 0.19375 0.28046875 0.0453125 0.05625
0 0.5484375 0.45234375 0.06015625 0.07578125