0 0.23984375 0.36640625 0.065625 0.1578125
0 0.30390625 0.2859375 0.1109375 0.115625
0 0.36484375 0.12421875 0.0796875 0.084375
0 0.478125 0.23203125 0.0890625 0.0875
0 0.54140625 0.2671875 0.0546875 0.078125
0 0.58515625 0.271875 0.0625 0.1171875
0 0.69296875 0.2578125 0.0734375 0.071875
0 0.31015625 0.44921875 0.090625 0.1
0 0.4265625 0.5046875 0.071875 0.075
0 0.47890625 0.41953125 0.0515625 0.09375
0 0.42265625 0.709375 0.10625 0.115625
0 0.940625 0.5796875 0.071875 0.10625
0 0.2140625 0.82890625 0.0828125 0.121875
0 0.3046875 0.8625 0.0703125 0.0984375