0 0.45234375 0.63984375 0.0703125 0.1609375
0 0.4859375 0.75546875 0.1671875 0.11875
0 0.621875 0.7328125 0.078125 0.1234375
0 0.52890625 0.5078125 0.059375 0.0859375
0 0.5796875 0.49140625 0.0609375 0.075
0 0.6078125 0.4625 0.0921875 0.09375
0 0.3171875 0.515625 0.0578125 0.1234375
0 0.2921875 0.48671875 0.0421875 0.0671875
0 0.67109375 0.60234375 0.053125 0.09375
0 0.7125 0.68046875 0.05625 0.0890625
0 0.85078125 0.765625 0.0671875 0.0921875
0 0.88203125 0.9578125 0.0828125 0.084375
0 0.9203125 0.909375 0.05625 0.109375