0 0.4546875 0.640625 0.0671875 0.159375
0 0.490625 0.75625 0.165625 0.115625
0 0.62578125 0.73046875 0.0765625 0.121875
0 0.52890625 0.50703125 0.0578125 0.0859375
0 0.5796875 0.490625 0.059375 0.075
0 0.60703125 0.4609375 0.090625 0.0921875
0 0.3171875 0.51875 0.05625 0.1234375
0 0.2921875 0.490625 0.040625 0.0671875
0 0.67265625 0.59921875 0.0515625 0.09375
0 0.715625 0.6765625 0.0546875 0.0875
0 0.85546875 0.759375 0.0671875 0.0921875
0 0.890625 0.9546875 0.08125 0.090625
0 0.92734375 0.90234375 0.0546875 0.109375